
0
[		]	[		]	[		]	[		]
[	·	]		 			 			 	
[		]	[		]	[		]	[		]

53
[		]	[		]	[		]	[		]
[	·	]		 			 			 	
[	507	]	[		]	[		]	[		]

109
[	504	]	[		]	[		]	[		]
	rgv			=> 			 			 	
[	451	]	[		]	[		]	[		]

182
[	431	]	[		]	[		]	[		]
	 		[	·	]		 			 	
[	378	]	[	487	]	[		]	[		]

238
[	375	]	[	504	]	[		]	[		]
	 			rgv			=> 			 	
[	322	]	[	431	]	[		]	[		]

311
[	302	]	[	431	]	[		]	[		]
	 			 		[	·	]		 	
[	249	]	[	358	]	[	487	]	[		]

367
[	246	]	[	375	]	[	504	]	[		]
	 			 			rgv			=> 	
[	193	]	[	302	]	[	431	]	[		]

440
[	173	]	[	302	]	[	431	]	[		]
	 			 			 		[	·	]
[	120	]	[	229	]	[	358	]	[	487	]

496
[	117	]	[	246	]	[	375	]	[	504	]
	=> 			 			 			rgv	
[	64	]	[	173	]	[	302	]	[	431	]

613
[		]	[	129	]	[	258	]	[	387	]
[	·	]		 			 			 	
[	443	]	[	56	]	[	185	]	[	314	]

669
[	504	]	[	73	]	[	202	]	[	331	]
	rgv			=> 			 			 	
[	387	]	[		]	[	129	]	[	258	]

742
[	431	]	[		]	[	129	]	[	258	]
	 		[	·	]		 			 	
[	314	]	[	487	]	[	56	]	[	185	]

798
[	375	]	[	504	]	[	73	]	[	202	]
	 			rgv			=> 			 	
[	258	]	[	431	]	[		]	[	129	]

871
[	302	]	[	431	]	[		]	[	129	]
	 			 		[	·	]		 	
[	185	]	[	358	]	[	487	]	[	56	]

927
[	246	]	[	375	]	[	504	]	[	73	]
	 			 			rgv			=> 	
[	129	]	[	302	]	[	431	]	[		]

1000
[	173	]	[	302	]	[	431	]	[		]
	 			 			 		[	·	]
[	56	]	[	229	]	[	358	]	[	487	]

1056
[	117	]	[	246	]	[	375	]	[	504	]
	=> 			 			 			rgv	
[		]	[	173	]	[	302	]	[	431	]

1155
[	18	]	[	147	]	[	276	]	[	405	]
[	·	]		 			 			 	
[	461	]	[	74	]	[	203	]	[	332	]

1229
[	486	]	[	73	]	[	202	]	[	331	]
	rgv			=> 			 			 	
[	387	]	[		]	[	129	]	[	258	]

1302
[	413	]	[		]	[	129	]	[	258	]
	 		[	·	]		 			 	
[	314	]	[	487	]	[	56	]	[	185	]

1358
[	357	]	[	504	]	[	73	]	[	202	]
	 			rgv			=> 			 	
[	258	]	[	431	]	[		]	[	129	]

1431
[	284	]	[	431	]	[		]	[	129	]
	 			 		[	·	]		 	
[	185	]	[	358	]	[	487	]	[	56	]

1487
[	228	]	[	375	]	[	504	]	[	73	]
	 			 			rgv			=> 	
[	129	]	[	302	]	[	431	]	[		]

1560
[	155	]	[	302	]	[	431	]	[		]
	 			 			 		[	·	]
[	56	]	[	229	]	[	358	]	[	487	]

1616
[	99	]	[	246	]	[	375	]	[	504	]
	=> 			 			 			rgv	
[		]	[	173	]	[	302	]	[	431	]

1715
[		]	[	147	]	[	276	]	[	405	]
[	·	]		 			 			 	
[	461	]	[	74	]	[	203	]	[	332	]

1771
[	504	]	[	91	]	[	220	]	[	349	]
	rgv			=> 			 			 	
[	405	]	[	18	]	[	147	]	[	276	]

1844
[	431	]	[	18	]	[	147	]	[	276	]
	 		[	·	]		 			 	
[	332	]	[	487	]	[	74	]	[	203	]

1918
[	357	]	[	486	]	[	73	]	[	202	]
	 			rgv			=> 			 	
[	258	]	[	413	]	[		]	[	129	]

1991
[	284	]	[	413	]	[		]	[	129	]
	 			 		[	·	]		 	
[	185	]	[	340	]	[	487	]	[	56	]

2047
[	228	]	[	357	]	[	504	]	[	73	]
	 			 			rgv			=> 	
[	129	]	[	284	]	[	431	]	[		]

2120
[	155	]	[	284	]	[	431	]	[		]
	 			 			 		[	·	]
[	56	]	[	211	]	[	358	]	[	487	]

2176
[	99	]	[	228	]	[	375	]	[	504	]
	=> 			 			 			rgv	
[		]	[	155	]	[	302	]	[	431	]

2275
[		]	[	129	]	[	276	]	[	405	]
[	·	]		 			 			 	
[	461	]	[	56	]	[	203	]	[	332	]

2331
[	504	]	[	73	]	[	220	]	[	349	]
	rgv			=> 			 			 	
[	405	]	[		]	[	147	]	[	276	]

2404
[	431	]	[		]	[	147	]	[	276	]
	 		[	·	]		 			 	
[	332	]	[	487	]	[	74	]	[	203	]

2460
[	375	]	[	504	]	[	91	]	[	220	]
	 			rgv			=> 			 	
[	276	]	[	431	]	[	18	]	[	147	]

2533
[	302	]	[	431	]	[	18	]	[	147	]
	 			 		[	·	]		 	
[	203	]	[	358	]	[	487	]	[	74	]

2607
[	228	]	[	357	]	[	486	]	[	73	]
	 			 			rgv			=> 	
[	129	]	[	284	]	[	413	]	[		]

2680
[	155	]	[	284	]	[	413	]	[		]
	 			 			 		[	·	]
[	56	]	[	211	]	[	340	]	[	487	]

2736
[	99	]	[	228	]	[	357	]	[	504	]
	=> 			 			 			rgv	
[		]	[	155	]	[	284	]	[	431	]

2835
[		]	[	129	]	[	258	]	[	405	]
[	·	]		 			 			 	
[	461	]	[	56	]	[	185	]	[	332	]

2891
[	504	]	[	73	]	[	202	]	[	349	]
	rgv			=> 			 			 	
[	405	]	[		]	[	129	]	[	276	]

2964
[	431	]	[		]	[	129	]	[	276	]
	 		[	·	]		 			 	
[	332	]	[	487	]	[	56	]	[	203	]

3020
[	375	]	[	504	]	[	73	]	[	220	]
	 			rgv			=> 			 	
[	276	]	[	431	]	[		]	[	147	]

3093
[	302	]	[	431	]	[		]	[	147	]
	 			 		[	·	]		 	
[	203	]	[	358	]	[	487	]	[	74	]

3149
[	246	]	[	375	]	[	504	]	[	91	]
	 			 			rgv			=> 	
[	147	]	[	302	]	[	431	]	[	18	]

3222
[	173	]	[	302	]	[	431	]	[	18	]
	 			 			 		[	·	]
[	74	]	[	229	]	[	358	]	[	487	]

3296
[	99	]	[	228	]	[	357	]	[	486	]
	=> 			 			 			rgv	
[		]	[	155	]	[	284	]	[	413	]

3395
[		]	[	129	]	[	258	]	[	387	]
[	·	]		 			 			 	
[	461	]	[	56	]	[	185	]	[	314	]

3451
[	504	]	[	73	]	[	202	]	[	331	]
	rgv			=> 			 			 	
[	405	]	[		]	[	129	]	[	258	]

3524
[	431	]	[		]	[	129	]	[	258	]
	 		[	·	]		 			 	
[	332	]	[	487	]	[	56	]	[	185	]

3580
[	375	]	[	504	]	[	73	]	[	202	]
	 			rgv			=> 			 	
[	276	]	[	431	]	[		]	[	129	]

3653
[	302	]	[	431	]	[		]	[	129	]
	 			 		[	·	]		 	
[	203	]	[	358	]	[	487	]	[	56	]

3709
[	246	]	[	375	]	[	504	]	[	73	]
	 			 			rgv			=> 	
[	147	]	[	302	]	[	431	]	[		]

3782
[	173	]	[	302	]	[	431	]	[		]
	 			 			 		[	·	]
[	74	]	[	229	]	[	358	]	[	487	]

3838
[	117	]	[	246	]	[	375	]	[	504	]
	=> 			 			 			rgv	
[	18	]	[	173	]	[	302	]	[	431	]

3937
[	18	]	[	147	]	[	276	]	[	405	]
[	·	]		 			 			 	
[	461	]	[	74	]	[	203	]	[	332	]

4011
[	486	]	[	73	]	[	202	]	[	331	]
	rgv			=> 			 			 	
[	387	]	[		]	[	129	]	[	258	]

4084
[	413	]	[		]	[	129	]	[	258	]
	 		[	·	]		 			 	
[	314	]	[	487	]	[	56	]	[	185	]

4140
[	357	]	[	504	]	[	73	]	[	202	]
	 			rgv			=> 			 	
[	258	]	[	431	]	[		]	[	129	]

4213
[	284	]	[	431	]	[		]	[	129	]
	 			 		[	·	]		 	
[	185	]	[	358	]	[	487	]	[	56	]

4269
[	228	]	[	375	]	[	504	]	[	73	]
	 			 			rgv			=> 	
[	129	]	[	302	]	[	431	]	[		]

4342
[	155	]	[	302	]	[	431	]	[		]
	 			 			 		[	·	]
[	56	]	[	229	]	[	358	]	[	487	]

4398
[	99	]	[	246	]	[	375	]	[	504	]
	=> 			 			 			rgv	
[		]	[	173	]	[	302	]	[	431	]

4497
[		]	[	147	]	[	276	]	[	405	]
[	·	]		 			 			 	
[	461	]	[	74	]	[	203	]	[	332	]

4553
[	504	]	[	91	]	[	220	]	[	349	]
	rgv			=> 			 			 	
[	405	]	[	18	]	[	147	]	[	276	]

4626
[	431	]	[	18	]	[	147	]	[	276	]
	 		[	·	]		 			 	
[	332	]	[	487	]	[	74	]	[	203	]

4700
[	357	]	[	486	]	[	73	]	[	202	]
	 			rgv			=> 			 	
[	258	]	[	413	]	[		]	[	129	]

4773
[	284	]	[	413	]	[		]	[	129	]
	 			 		[	·	]		 	
[	185	]	[	340	]	[	487	]	[	56	]

4829
[	228	]	[	357	]	[	504	]	[	73	]
	 			 			rgv			=> 	
[	129	]	[	284	]	[	431	]	[		]

4902
[	155	]	[	284	]	[	431	]	[		]
	 			 			 		[	·	]
[	56	]	[	211	]	[	358	]	[	487	]

4958
[	99	]	[	228	]	[	375	]	[	504	]
	=> 			 			 			rgv	
[		]	[	155	]	[	302	]	[	431	]

5057
[		]	[	129	]	[	276	]	[	405	]
[	·	]		 			 			 	
[	461	]	[	56	]	[	203	]	[	332	]

5113
[	504	]	[	73	]	[	220	]	[	349	]
	rgv			=> 			 			 	
[	405	]	[		]	[	147	]	[	276	]

5186
[	431	]	[		]	[	147	]	[	276	]
	 		[	·	]		 			 	
[	332	]	[	487	]	[	74	]	[	203	]

5242
[	375	]	[	504	]	[	91	]	[	220	]
	 			rgv			=> 			 	
[	276	]	[	431	]	[	18	]	[	147	]

5315
[	302	]	[	431	]	[	18	]	[	147	]
	 			 		[	·	]		 	
[	203	]	[	358	]	[	487	]	[	74	]

5389
[	228	]	[	357	]	[	486	]	[	73	]
	 			 			rgv			=> 	
[	129	]	[	284	]	[	413	]	[		]

5462
[	155	]	[	284	]	[	413	]	[		]
	 			 			 		[	·	]
[	56	]	[	211	]	[	340	]	[	487	]

5518
[	99	]	[	228	]	[	357	]	[	504	]
	=> 			 			 			rgv	
[		]	[	155	]	[	284	]	[	431	]

5617
[		]	[	129	]	[	258	]	[	405	]
[	·	]		 			 			 	
[	461	]	[	56	]	[	185	]	[	332	]

5673
[	504	]	[	73	]	[	202	]	[	349	]
	rgv			=> 			 			 	
[	405	]	[		]	[	129	]	[	276	]

5746
[	431	]	[		]	[	129	]	[	276	]
	 		[	·	]		 			 	
[	332	]	[	487	]	[	56	]	[	203	]

5802
[	375	]	[	504	]	[	73	]	[	220	]
	 			rgv			=> 			 	
[	276	]	[	431	]	[		]	[	147	]

5875
[	302	]	[	431	]	[		]	[	147	]
	 			 		[	·	]		 	
[	203	]	[	358	]	[	487	]	[	74	]

5931
[	246	]	[	375	]	[	504	]	[	91	]
	 			 			rgv			=> 	
[	147	]	[	302	]	[	431	]	[	18	]

6004
[	173	]	[	302	]	[	431	]	[	18	]
	 			 			 		[	·	]
[	74	]	[	229	]	[	358	]	[	487	]

6078
[	99	]	[	228	]	[	357	]	[	486	]
	=> 			 			 			rgv	
[		]	[	155	]	[	284	]	[	413	]

6177
[		]	[	129	]	[	258	]	[	387	]
[	·	]		 			 			 	
[	461	]	[	56	]	[	185	]	[	314	]

6233
[	504	]	[	73	]	[	202	]	[	331	]
	rgv			=> 			 			 	
[	405	]	[		]	[	129	]	[	258	]

6306
[	431	]	[		]	[	129	]	[	258	]
	 		[	·	]		 			 	
[	332	]	[	487	]	[	56	]	[	185	]

6362
[	375	]	[	504	]	[	73	]	[	202	]
	 			rgv			=> 			 	
[	276	]	[	431	]	[		]	[	129	]

6435
[	302	]	[	431	]	[		]	[	129	]
	 			 		[	·	]		 	
[	203	]	[	358	]	[	487	]	[	56	]

6491
[	246	]	[	375	]	[	504	]	[	73	]
	 			 			rgv			=> 	
[	147	]	[	302	]	[	431	]	[		]

6564
[	173	]	[	302	]	[	431	]	[		]
	 			 			 		[	·	]
[	74	]	[	229	]	[	358	]	[	487	]

6620
[	117	]	[	246	]	[	375	]	[	504	]
	=> 			 			 			rgv	
[	18	]	[	173	]	[	302	]	[	431	]

6719
[	18	]	[	147	]	[	276	]	[	405	]
[	·	]		 			 			 	
[	461	]	[	74	]	[	203	]	[	332	]

6793
[	486	]	[	73	]	[	202	]	[	331	]
	rgv			=> 			 			 	
[	387	]	[		]	[	129	]	[	258	]

6866
[	413	]	[		]	[	129	]	[	258	]
	 		[	·	]		 			 	
[	314	]	[	487	]	[	56	]	[	185	]

6922
[	357	]	[	504	]	[	73	]	[	202	]
	 			rgv			=> 			 	
[	258	]	[	431	]	[		]	[	129	]

6995
[	284	]	[	431	]	[		]	[	129	]
	 			 		[	·	]		 	
[	185	]	[	358	]	[	487	]	[	56	]

7051
[	228	]	[	375	]	[	504	]	[	73	]
	 			 			rgv			=> 	
[	129	]	[	302	]	[	431	]	[		]

7124
[	155	]	[	302	]	[	431	]	[		]
	 			 			 		[	·	]
[	56	]	[	229	]	[	358	]	[	487	]

7180
[	99	]	[	246	]	[	375	]	[	504	]
	=> 			 			 			rgv	
[		]	[	173	]	[	302	]	[	431	]

7279
[		]	[	147	]	[	276	]	[	405	]
[	·	]		 			 			 	
[	461	]	[	74	]	[	203	]	[	332	]

7335
[	504	]	[	91	]	[	220	]	[	349	]
	rgv			=> 			 			 	
[	405	]	[	18	]	[	147	]	[	276	]

7408
[	431	]	[	18	]	[	147	]	[	276	]
	 		[	·	]		 			 	
[	332	]	[	487	]	[	74	]	[	203	]

7482
[	357	]	[	486	]	[	73	]	[	202	]
	 			rgv			=> 			 	
[	258	]	[	413	]	[		]	[	129	]

7555
[	284	]	[	413	]	[		]	[	129	]
	 			 		[	·	]		 	
[	185	]	[	340	]	[	487	]	[	56	]

7611
[	228	]	[	357	]	[	504	]	[	73	]
	 			 			rgv			=> 	
[	129	]	[	284	]	[	431	]	[		]

7684
[	155	]	[	284	]	[	431	]	[		]
	 			 			 		[	·	]
[	56	]	[	211	]	[	358	]	[	487	]

7740
[	99	]	[	228	]	[	375	]	[	504	]
	=> 			 			 			rgv	
[		]	[	155	]	[	302	]	[	431	]

7839
[		]	[	129	]	[	276	]	[	405	]
[	·	]		 			 			 	
[	461	]	[	56	]	[	203	]	[	332	]

7895
[	504	]	[	73	]	[	220	]	[	349	]
	rgv			=> 			 			 	
[	405	]	[		]	[	147	]	[	276	]

7968
[	431	]	[		]	[	147	]	[	276	]
	 		[	·	]		 			 	
[	332	]	[	487	]	[	74	]	[	203	]

8024
[	375	]	[	504	]	[	91	]	[	220	]
	 			rgv			=> 			 	
[	276	]	[	431	]	[	18	]	[	147	]

8097
[	302	]	[	431	]	[	18	]	[	147	]
	 			 		[	·	]		 	
[	203	]	[	358	]	[	487	]	[	74	]

8171
[	228	]	[	357	]	[	486	]	[	73	]
	 			 			rgv			=> 	
[	129	]	[	284	]	[	413	]	[		]

8244
[	155	]	[	284	]	[	413	]	[		]
	 			 			 		[	·	]
[	56	]	[	211	]	[	340	]	[	487	]

8300
[	99	]	[	228	]	[	357	]	[	504	]
	=> 			 			 			rgv	
[		]	[	155	]	[	284	]	[	431	]

8399
[		]	[	129	]	[	258	]	[	405	]
[	·	]		 			 			 	
[	461	]	[	56	]	[	185	]	[	332	]

8455
[	504	]	[	73	]	[	202	]	[	349	]
	rgv			=> 			 			 	
[	405	]	[		]	[	129	]	[	276	]

8528
[	431	]	[		]	[	129	]	[	276	]
	 		[	·	]		 			 	
[	332	]	[	487	]	[	56	]	[	203	]

8584
[	375	]	[	504	]	[	73	]	[	220	]
	 			rgv			=> 			 	
[	276	]	[	431	]	[		]	[	147	]

8657
[	302	]	[	431	]	[		]	[	147	]
	 			 		[	·	]		 	
[	203	]	[	358	]	[	487	]	[	74	]

8713
[	246	]	[	375	]	[	504	]	[	91	]
	 			 			rgv			=> 	
[	147	]	[	302	]	[	431	]	[	18	]

8786
[	173	]	[	302	]	[	431	]	[	18	]
	 			 			 		[	·	]
[	74	]	[	229	]	[	358	]	[	487	]

8860
[	99	]	[	228	]	[	357	]	[	486	]
	=> 			 			 			rgv	
[		]	[	155	]	[	284	]	[	413	]

8959
[		]	[	129	]	[	258	]	[	387	]
[	·	]		 			 			 	
[	461	]	[	56	]	[	185	]	[	314	]

9015
[	504	]	[	73	]	[	202	]	[	331	]
	rgv			=> 			 			 	
[	405	]	[		]	[	129	]	[	258	]

9088
[	431	]	[		]	[	129	]	[	258	]
	 		[	·	]		 			 	
[	332	]	[	487	]	[	56	]	[	185	]

9144
[	375	]	[	504	]	[	73	]	[	202	]
	 			rgv			=> 			 	
[	276	]	[	431	]	[		]	[	129	]

9217
[	302	]	[	431	]	[		]	[	129	]
	 			 		[	·	]		 	
[	203	]	[	358	]	[	487	]	[	56	]

9273
[	246	]	[	375	]	[	504	]	[	73	]
	 			 			rgv			=> 	
[	147	]	[	302	]	[	431	]	[		]

9346
[	173	]	[	302	]	[	431	]	[		]
	 			 			 		[	·	]
[	74	]	[	229	]	[	358	]	[	487	]

9402
[	117	]	[	246	]	[	375	]	[	504	]
	=> 			 			 			rgv	
[	18	]	[	173	]	[	302	]	[	431	]

9501
[	18	]	[	147	]	[	276	]	[	405	]
[	·	]		 			 			 	
[	461	]	[	74	]	[	203	]	[	332	]

9575
[	486	]	[	73	]	[	202	]	[	331	]
	rgv			=> 			 			 	
[	387	]	[		]	[	129	]	[	258	]

9648
[	413	]	[		]	[	129	]	[	258	]
	 		[	·	]		 			 	
[	314	]	[	487	]	[	56	]	[	185	]

9704
[	357	]	[	504	]	[	73	]	[	202	]
	 			rgv			=> 			 	
[	258	]	[	431	]	[		]	[	129	]

9777
[	284	]	[	431	]	[		]	[	129	]
	 			 		[	·	]		 	
[	185	]	[	358	]	[	487	]	[	56	]

9833
[	228	]	[	375	]	[	504	]	[	73	]
	 			 			rgv			=> 	
[	129	]	[	302	]	[	431	]	[		]

9906
[	155	]	[	302	]	[	431	]	[		]
	 			 			 		[	·	]
[	56	]	[	229	]	[	358	]	[	487	]

9962
[	99	]	[	246	]	[	375	]	[	504	]
	=> 			 			 			rgv	
[		]	[	173	]	[	302	]	[	431	]

10061
[		]	[	147	]	[	276	]	[	405	]
[	·	]		 			 			 	
[	461	]	[	74	]	[	203	]	[	332	]

10117
[	504	]	[	91	]	[	220	]	[	349	]
	rgv			=> 			 			 	
[	405	]	[	18	]	[	147	]	[	276	]

10190
[	431	]	[	18	]	[	147	]	[	276	]
	 		[	·	]		 			 	
[	332	]	[	487	]	[	74	]	[	203	]

10264
[	357	]	[	486	]	[	73	]	[	202	]
	 			rgv			=> 			 	
[	258	]	[	413	]	[		]	[	129	]

10337
[	284	]	[	413	]	[		]	[	129	]
	 			 		[	·	]		 	
[	185	]	[	340	]	[	487	]	[	56	]

10393
[	228	]	[	357	]	[	504	]	[	73	]
	 			 			rgv			=> 	
[	129	]	[	284	]	[	431	]	[		]

10466
[	155	]	[	284	]	[	431	]	[		]
	 			 			 		[	·	]
[	56	]	[	211	]	[	358	]	[	487	]

10522
[	99	]	[	228	]	[	375	]	[	504	]
	=> 			 			 			rgv	
[		]	[	155	]	[	302	]	[	431	]

10621
[		]	[	129	]	[	276	]	[	405	]
[	·	]		 			 			 	
[	461	]	[	56	]	[	203	]	[	332	]

10677
[	504	]	[	73	]	[	220	]	[	349	]
	rgv			=> 			 			 	
[	405	]	[		]	[	147	]	[	276	]

10750
[	431	]	[		]	[	147	]	[	276	]
	 		[	·	]		 			 	
[	332	]	[	487	]	[	74	]	[	203	]

10806
[	375	]	[	504	]	[	91	]	[	220	]
	 			rgv			=> 			 	
[	276	]	[	431	]	[	18	]	[	147	]

10879
[	302	]	[	431	]	[	18	]	[	147	]
	 			 		[	·	]		 	
[	203	]	[	358	]	[	487	]	[	74	]

10953
[	228	]	[	357	]	[	486	]	[	73	]
	 			 			rgv			=> 	
[	129	]	[	284	]	[	413	]	[		]

11026
[	155	]	[	284	]	[	413	]	[		]
	 			 			 		[	·	]
[	56	]	[	211	]	[	340	]	[	487	]

11082
[	99	]	[	228	]	[	357	]	[	504	]
	=> 			 			 			rgv	
[		]	[	155	]	[	284	]	[	431	]

11181
[		]	[	129	]	[	258	]	[	405	]
[	·	]		 			 			 	
[	461	]	[	56	]	[	185	]	[	332	]

11237
[	504	]	[	73	]	[	202	]	[	349	]
	rgv			=> 			 			 	
[	405	]	[		]	[	129	]	[	276	]

11310
[	431	]	[		]	[	129	]	[	276	]
	 		[	·	]		 			 	
[	332	]	[	487	]	[	56	]	[	203	]

11366
[	375	]	[	504	]	[	73	]	[	220	]
	 			rgv			=> 			 	
[	276	]	[	431	]	[		]	[	147	]

11439
[	302	]	[	431	]	[		]	[	147	]
	 			 		[	·	]		 	
[	203	]	[	358	]	[	487	]	[	74	]

11495
[	246	]	[	375	]	[	504	]	[	91	]
	 			 			rgv			=> 	
[	147	]	[	302	]	[	431	]	[	18	]

11568
[	173	]	[	302	]	[	431	]	[	18	]
	 			 			 		[	·	]
[	74	]	[	229	]	[	358	]	[	487	]

11642
[	99	]	[	228	]	[	357	]	[	486	]
	=> 			 			 			rgv	
[		]	[	155	]	[	284	]	[	413	]

11741
[		]	[	129	]	[	258	]	[	387	]
[	·	]		 			 			 	
[	461	]	[	56	]	[	185	]	[	314	]

11797
[	504	]	[	73	]	[	202	]	[	331	]
	rgv			=> 			 			 	
[	405	]	[		]	[	129	]	[	258	]

11870
[	431	]	[		]	[	129	]	[	258	]
	 		[	·	]		 			 	
[	332	]	[	487	]	[	56	]	[	185	]

11926
[	375	]	[	504	]	[	73	]	[	202	]
	 			rgv			=> 			 	
[	276	]	[	431	]	[		]	[	129	]

11999
[	302	]	[	431	]	[		]	[	129	]
	 			 		[	·	]		 	
[	203	]	[	358	]	[	487	]	[	56	]

12055
[	246	]	[	375	]	[	504	]	[	73	]
	 			 			rgv			=> 	
[	147	]	[	302	]	[	431	]	[		]

12128
[	173	]	[	302	]	[	431	]	[		]
	 			 			 		[	·	]
[	74	]	[	229	]	[	358	]	[	487	]

12184
[	117	]	[	246	]	[	375	]	[	504	]
	=> 			 			 			rgv	
[	18	]	[	173	]	[	302	]	[	431	]

12283
[	18	]	[	147	]	[	276	]	[	405	]
[	·	]		 			 			 	
[	461	]	[	74	]	[	203	]	[	332	]

12357
[	486	]	[	73	]	[	202	]	[	331	]
	rgv			=> 			 			 	
[	387	]	[		]	[	129	]	[	258	]

12430
[	413	]	[		]	[	129	]	[	258	]
	 		[	·	]		 			 	
[	314	]	[	487	]	[	56	]	[	185	]

12486
[	357	]	[	504	]	[	73	]	[	202	]
	 			rgv			=> 			 	
[	258	]	[	431	]	[		]	[	129	]

12559
[	284	]	[	431	]	[		]	[	129	]
	 			 		[	·	]		 	
[	185	]	[	358	]	[	487	]	[	56	]

12615
[	228	]	[	375	]	[	504	]	[	73	]
	 			 			rgv			=> 	
[	129	]	[	302	]	[	431	]	[		]

12688
[	155	]	[	302	]	[	431	]	[		]
	 			 			 		[	·	]
[	56	]	[	229	]	[	358	]	[	487	]

12744
[	99	]	[	246	]	[	375	]	[	504	]
	=> 			 			 			rgv	
[		]	[	173	]	[	302	]	[	431	]

12843
[		]	[	147	]	[	276	]	[	405	]
[	·	]		 			 			 	
[	461	]	[	74	]	[	203	]	[	332	]

12899
[	504	]	[	91	]	[	220	]	[	349	]
	rgv			=> 			 			 	
[	405	]	[	18	]	[	147	]	[	276	]

12972
[	431	]	[	18	]	[	147	]	[	276	]
	 		[	·	]		 			 	
[	332	]	[	487	]	[	74	]	[	203	]

13046
[	357	]	[	486	]	[	73	]	[	202	]
	 			rgv			=> 			 	
[	258	]	[	413	]	[		]	[	129	]

13119
[	284	]	[	413	]	[		]	[	129	]
	 			 		[	·	]		 	
[	185	]	[	340	]	[	487	]	[	56	]

13175
[	228	]	[	357	]	[	504	]	[	73	]
	 			 			rgv			=> 	
[	129	]	[	284	]	[	431	]	[		]

13248
[	155	]	[	284	]	[	431	]	[		]
	 			 			 		[	·	]
[	56	]	[	211	]	[	358	]	[	487	]

13304
[	99	]	[	228	]	[	375	]	[	504	]
	=> 			 			 			rgv	
[		]	[	155	]	[	302	]	[	431	]

13403
[		]	[	129	]	[	276	]	[	405	]
[	·	]		 			 			 	
[	461	]	[	56	]	[	203	]	[	332	]

13459
[	504	]	[	73	]	[	220	]	[	349	]
	rgv			=> 			 			 	
[	405	]	[		]	[	147	]	[	276	]

13532
[	431	]	[		]	[	147	]	[	276	]
	 		[	·	]		 			 	
[	332	]	[	487	]	[	74	]	[	203	]

13588
[	375	]	[	504	]	[	91	]	[	220	]
	 			rgv			=> 			 	
[	276	]	[	431	]	[	18	]	[	147	]

13661
[	302	]	[	431	]	[	18	]	[	147	]
	 			 		[	·	]		 	
[	203	]	[	358	]	[	487	]	[	74	]

13735
[	228	]	[	357	]	[	486	]	[	73	]
	 			 			rgv			=> 	
[	129	]	[	284	]	[	413	]	[		]

13808
[	155	]	[	284	]	[	413	]	[		]
	 			 			 		[	·	]
[	56	]	[	211	]	[	340	]	[	487	]

13864
[	99	]	[	228	]	[	357	]	[	504	]
	=> 			 			 			rgv	
[		]	[	155	]	[	284	]	[	431	]

13963
[		]	[	129	]	[	258	]	[	405	]
[	·	]		 			 			 	
[	461	]	[	56	]	[	185	]	[	332	]

14019
[	504	]	[	73	]	[	202	]	[	349	]
	rgv			=> 			 			 	
[	405	]	[		]	[	129	]	[	276	]

14092
[	431	]	[		]	[	129	]	[	276	]
	 		[	·	]		 			 	
[	332	]	[	487	]	[	56	]	[	203	]

14148
[	375	]	[	504	]	[	73	]	[	220	]
	 			rgv			=> 			 	
[	276	]	[	431	]	[		]	[	147	]

14221
[	302	]	[	431	]	[		]	[	147	]
	 			 		[	·	]		 	
[	203	]	[	358	]	[	487	]	[	74	]

14277
[	246	]	[	375	]	[	504	]	[	91	]
	 			 			rgv			=> 	
[	147	]	[	302	]	[	431	]	[	18	]

14350
[	173	]	[	302	]	[	431	]	[	18	]
	 			 			 		[	·	]
[	74	]	[	229	]	[	358	]	[	487	]

14424
[	99	]	[	228	]	[	357	]	[	486	]
	=> 			 			 			rgv	
[		]	[	155	]	[	284	]	[	413	]

14523
[		]	[	129	]	[	258	]	[	387	]
[	·	]		 			 			 	
[	461	]	[	56	]	[	185	]	[	314	]

14579
[	504	]	[	73	]	[	202	]	[	331	]
	rgv			=> 			 			 	
[	405	]	[		]	[	129	]	[	258	]

14652
[	431	]	[		]	[	129	]	[	258	]
	 		[	·	]		 			 	
[	332	]	[	487	]	[	56	]	[	185	]

14708
[	375	]	[	504	]	[	73	]	[	202	]
	 			rgv			=> 			 	
[	276	]	[	431	]	[		]	[	129	]

14781
[	302	]	[	431	]	[		]	[	129	]
	 			 		[	·	]		 	
[	203	]	[	358	]	[	487	]	[	56	]

14837
[	246	]	[	375	]	[	504	]	[	73	]
	 			 			rgv			=> 	
[	147	]	[	302	]	[	431	]	[		]

14910
[	173	]	[	302	]	[	431	]	[		]
	 			 			 		[	·	]
[	74	]	[	229	]	[	358	]	[	487	]

14966
[	117	]	[	246	]	[	375	]	[	504	]
	=> 			 			 			rgv	
[	18	]	[	173	]	[	302	]	[	431	]

15065
[	18	]	[	147	]	[	276	]	[	405	]
[	·	]		 			 			 	
[	461	]	[	74	]	[	203	]	[	332	]

15139
[	486	]	[	73	]	[	202	]	[	331	]
	rgv			=> 			 			 	
[	387	]	[		]	[	129	]	[	258	]

15212
[	413	]	[		]	[	129	]	[	258	]
	 		[	·	]		 			 	
[	314	]	[	487	]	[	56	]	[	185	]

15268
[	357	]	[	504	]	[	73	]	[	202	]
	 			rgv			=> 			 	
[	258	]	[	431	]	[		]	[	129	]

15341
[	284	]	[	431	]	[		]	[	129	]
	 			 		[	·	]		 	
[	185	]	[	358	]	[	487	]	[	56	]

15397
[	228	]	[	375	]	[	504	]	[	73	]
	 			 			rgv			=> 	
[	129	]	[	302	]	[	431	]	[		]

15470
[	155	]	[	302	]	[	431	]	[		]
	 			 			 		[	·	]
[	56	]	[	229	]	[	358	]	[	487	]

15526
[	99	]	[	246	]	[	375	]	[	504	]
	=> 			 			 			rgv	
[		]	[	173	]	[	302	]	[	431	]

15625
[		]	[	147	]	[	276	]	[	405	]
[	·	]		 			 			 	
[	461	]	[	74	]	[	203	]	[	332	]

15681
[	504	]	[	91	]	[	220	]	[	349	]
	rgv			=> 			 			 	
[	405	]	[	18	]	[	147	]	[	276	]

15754
[	431	]	[	18	]	[	147	]	[	276	]
	 		[	·	]		 			 	
[	332	]	[	487	]	[	74	]	[	203	]

15828
[	357	]	[	486	]	[	73	]	[	202	]
	 			rgv			=> 			 	
[	258	]	[	413	]	[		]	[	129	]

15901
[	284	]	[	413	]	[		]	[	129	]
	 			 		[	·	]		 	
[	185	]	[	340	]	[	487	]	[	56	]

15957
[	228	]	[	357	]	[	504	]	[	73	]
	 			 			rgv			=> 	
[	129	]	[	284	]	[	431	]	[		]

16030
[	155	]	[	284	]	[	431	]	[		]
	 			 			 		[	·	]
[	56	]	[	211	]	[	358	]	[	487	]

16086
[	99	]	[	228	]	[	375	]	[	504	]
	=> 			 			 			rgv	
[		]	[	155	]	[	302	]	[	431	]

16185
[		]	[	129	]	[	276	]	[	405	]
[	·	]		 			 			 	
[	461	]	[	56	]	[	203	]	[	332	]

16241
[	504	]	[	73	]	[	220	]	[	349	]
	rgv			=> 			 			 	
[	405	]	[		]	[	147	]	[	276	]

16314
[	431	]	[		]	[	147	]	[	276	]
	 		[	·	]		 			 	
[	332	]	[	487	]	[	74	]	[	203	]

16370
[	375	]	[	504	]	[	91	]	[	220	]
	 			rgv			=> 			 	
[	276	]	[	431	]	[	18	]	[	147	]

16443
[	302	]	[	431	]	[	18	]	[	147	]
	 			 		[	·	]		 	
[	203	]	[	358	]	[	487	]	[	74	]

16517
[	228	]	[	357	]	[	486	]	[	73	]
	 			 			rgv			=> 	
[	129	]	[	284	]	[	413	]	[		]

16590
[	155	]	[	284	]	[	413	]	[		]
	 			 			 		[	·	]
[	56	]	[	211	]	[	340	]	[	487	]

16646
[	99	]	[	228	]	[	357	]	[	504	]
	=> 			 			 			rgv	
[		]	[	155	]	[	284	]	[	431	]

16745
[		]	[	129	]	[	258	]	[	405	]
[	·	]		 			 			 	
[	461	]	[	56	]	[	185	]	[	332	]

16801
[	504	]	[	73	]	[	202	]	[	349	]
	rgv			=> 			 			 	
[	405	]	[		]	[	129	]	[	276	]

16874
[	431	]	[		]	[	129	]	[	276	]
	 		[	·	]		 			 	
[	332	]	[	487	]	[	56	]	[	203	]

16930
[	375	]	[	504	]	[	73	]	[	220	]
	 			rgv			=> 			 	
[	276	]	[	431	]	[		]	[	147	]

17003
[	302	]	[	431	]	[		]	[	147	]
	 			 		[	·	]		 	
[	203	]	[	358	]	[	487	]	[	74	]

17059
[	246	]	[	375	]	[	504	]	[	91	]
	 			 			rgv			=> 	
[	147	]	[	302	]	[	431	]	[	18	]

17132
[	173	]	[	302	]	[	431	]	[	18	]
	 			 			 		[	·	]
[	74	]	[	229	]	[	358	]	[	487	]

17206
[	99	]	[	228	]	[	357	]	[	486	]
	=> 			 			 			rgv	
[		]	[	155	]	[	284	]	[	413	]

17305
[		]	[	129	]	[	258	]	[	387	]
[	·	]		 			 			 	
[	461	]	[	56	]	[	185	]	[	314	]

17361
[	504	]	[	73	]	[	202	]	[	331	]
	rgv			=> 			 			 	
[	405	]	[		]	[	129	]	[	258	]

17434
[	431	]	[		]	[	129	]	[	258	]
	 		[	·	]		 			 	
[	332	]	[	487	]	[	56	]	[	185	]

17490
[	375	]	[	504	]	[	73	]	[	202	]
	 			rgv			=> 			 	
[	276	]	[	431	]	[		]	[	129	]

17563
[	302	]	[	431	]	[		]	[	129	]
	 			 		[	·	]		 	
[	203	]	[	358	]	[	487	]	[	56	]

17619
[	246	]	[	375	]	[	504	]	[	73	]
	 			 			rgv			=> 	
[	147	]	[	302	]	[	431	]	[		]

17692
[	173	]	[	302	]	[	431	]	[		]
	 			 			 		[	·	]
[	74	]	[	229	]	[	358	]	[	487	]

17748
[	117	]	[	246	]	[	375	]	[	504	]
	=> 			 			 			rgv	
[	18	]	[	173	]	[	302	]	[	431	]

17847
[	18	]	[	147	]	[	276	]	[	405	]
[	·	]		 			 			 	
[	461	]	[	74	]	[	203	]	[	332	]

17921
[	486	]	[	73	]	[	202	]	[	331	]
	rgv			=> 			 			 	
[	387	]	[		]	[	129	]	[	258	]

17994
[	413	]	[		]	[	129	]	[	258	]
	 		[	·	]		 			 	
[	314	]	[	487	]	[	56	]	[	185	]

18050
[	357	]	[	504	]	[	73	]	[	202	]
	 			rgv			=> 			 	
[	258	]	[	431	]	[		]	[	129	]

18123
[	284	]	[	431	]	[		]	[	129	]
	 			 		[	·	]		 	
[	185	]	[	358	]	[	487	]	[	56	]

18179
[	228	]	[	375	]	[	504	]	[	73	]
	 			 			rgv			=> 	
[	129	]	[	302	]	[	431	]	[		]

18252
[	155	]	[	302	]	[	431	]	[		]
	 			 			 		[	·	]
[	56	]	[	229	]	[	358	]	[	487	]

18308
[	99	]	[	246	]	[	375	]	[	504	]
	=> 			 			 			rgv	
[		]	[	173	]	[	302	]	[	431	]

18407
[		]	[	147	]	[	276	]	[	405	]
[	·	]		 			 			 	
[	461	]	[	74	]	[	203	]	[	332	]

18463
[	504	]	[	91	]	[	220	]	[	349	]
	rgv			=> 			 			 	
[	405	]	[	18	]	[	147	]	[	276	]

18536
[	431	]	[	18	]	[	147	]	[	276	]
	 		[	·	]		 			 	
[	332	]	[	487	]	[	74	]	[	203	]

18610
[	357	]	[	486	]	[	73	]	[	202	]
	 			rgv			=> 			 	
[	258	]	[	413	]	[		]	[	129	]

18683
[	284	]	[	413	]	[		]	[	129	]
	 			 		[	·	]		 	
[	185	]	[	340	]	[	487	]	[	56	]

18739
[	228	]	[	357	]	[	504	]	[	73	]
	 			 			rgv			=> 	
[	129	]	[	284	]	[	431	]	[		]

18812
[	155	]	[	284	]	[	431	]	[		]
	 			 			 		[	·	]
[	56	]	[	211	]	[	358	]	[	487	]

18868
[	99	]	[	228	]	[	375	]	[	504	]
	=> 			 			 			rgv	
[		]	[	155	]	[	302	]	[	431	]

18967
[		]	[	129	]	[	276	]	[	405	]
[	·	]		 			 			 	
[	461	]	[	56	]	[	203	]	[	332	]

19023
[	504	]	[	73	]	[	220	]	[	349	]
	rgv			=> 			 			 	
[	405	]	[		]	[	147	]	[	276	]

19096
[	431	]	[		]	[	147	]	[	276	]
	 		[	·	]		 			 	
[	332	]	[	487	]	[	74	]	[	203	]

19152
[	375	]	[	504	]	[	91	]	[	220	]
	 			rgv			=> 			 	
[	276	]	[	431	]	[	18	]	[	147	]

19225
[	302	]	[	431	]	[	18	]	[	147	]
	 			 		[	·	]		 	
[	203	]	[	358	]	[	487	]	[	74	]

19299
[	228	]	[	357	]	[	486	]	[	73	]
	 			 			rgv			=> 	
[	129	]	[	284	]	[	413	]	[		]

19372
[	155	]	[	284	]	[	413	]	[		]
	 			 			 		[	·	]
[	56	]	[	211	]	[	340	]	[	487	]

19428
[	99	]	[	228	]	[	357	]	[	504	]
	=> 			 			 			rgv	
[		]	[	155	]	[	284	]	[	431	]

19527
[		]	[	129	]	[	258	]	[	405	]
[	·	]		 			 			 	
[	461	]	[	56	]	[	185	]	[	332	]

19583
[	504	]	[	73	]	[	202	]	[	349	]
	rgv			=> 			 			 	
[	405	]	[		]	[	129	]	[	276	]

19656
[	431	]	[		]	[	129	]	[	276	]
	 		[	·	]		 			 	
[	332	]	[	487	]	[	56	]	[	203	]

19712
[	375	]	[	504	]	[	73	]	[	220	]
	 			rgv			=> 			 	
[	276	]	[	431	]	[		]	[	147	]

19785
[	302	]	[	431	]	[		]	[	147	]
	 			 		[	·	]		 	
[	203	]	[	358	]	[	487	]	[	74	]

19841
[	246	]	[	375	]	[	504	]	[	91	]
	 			 			rgv			=> 	
[	147	]	[	302	]	[	431	]	[	18	]

19914
[	173	]	[	302	]	[	431	]	[	18	]
	 			 			 		[	·	]
[	74	]	[	229	]	[	358	]	[	487	]

19988
[	99	]	[	228	]	[	357	]	[	486	]
	=> 			 			 			rgv	
[		]	[	155	]	[	284	]	[	413	]

20087
[		]	[	129	]	[	258	]	[	387	]
[	·	]		 			 			 	
[	461	]	[	56	]	[	185	]	[	314	]

20143
[	504	]	[	73	]	[	202	]	[	331	]
	rgv			=> 			 			 	
[	405	]	[		]	[	129	]	[	258	]

20216
[	431	]	[		]	[	129	]	[	258	]
	 		[	·	]		 			 	
[	332	]	[	487	]	[	56	]	[	185	]

20272
[	375	]	[	504	]	[	73	]	[	202	]
	 			rgv			=> 			 	
[	276	]	[	431	]	[		]	[	129	]

20345
[	302	]	[	431	]	[		]	[	129	]
	 			 		[	·	]		 	
[	203	]	[	358	]	[	487	]	[	56	]

20401
[	246	]	[	375	]	[	504	]	[	73	]
	 			 			rgv			=> 	
[	147	]	[	302	]	[	431	]	[		]

20474
[	173	]	[	302	]	[	431	]	[		]
	 			 			 		[	·	]
[	74	]	[	229	]	[	358	]	[	487	]

20530
[	117	]	[	246	]	[	375	]	[	504	]
	=> 			 			 			rgv	
[	18	]	[	173	]	[	302	]	[	431	]

20629
[	18	]	[	147	]	[	276	]	[	405	]
[	·	]		 			 			 	
[	461	]	[	74	]	[	203	]	[	332	]

20703
[	486	]	[	73	]	[	202	]	[	331	]
	rgv			=> 			 			 	
[	387	]	[		]	[	129	]	[	258	]

20776
[	413	]	[		]	[	129	]	[	258	]
	 		[	·	]		 			 	
[	314	]	[	487	]	[	56	]	[	185	]

20832
[	357	]	[	504	]	[	73	]	[	202	]
	 			rgv			=> 			 	
[	258	]	[	431	]	[		]	[	129	]

20905
[	284	]	[	431	]	[		]	[	129	]
	 			 		[	·	]		 	
[	185	]	[	358	]	[	487	]	[	56	]

20961
[	228	]	[	375	]	[	504	]	[	73	]
	 			 			rgv			=> 	
[	129	]	[	302	]	[	431	]	[		]

21034
[	155	]	[	302	]	[	431	]	[		]
	 			 			 		[	·	]
[	56	]	[	229	]	[	358	]	[	487	]

21090
[	99	]	[	246	]	[	375	]	[	504	]
	=> 			 			 			rgv	
[		]	[	173	]	[	302	]	[	431	]

21189
[		]	[	147	]	[	276	]	[	405	]
[	·	]		 			 			 	
[	461	]	[	74	]	[	203	]	[	332	]

21245
[	504	]	[	91	]	[	220	]	[	349	]
	rgv			=> 			 			 	
[	405	]	[	18	]	[	147	]	[	276	]

21318
[	431	]	[	18	]	[	147	]	[	276	]
	 		[	·	]		 			 	
[	332	]	[	487	]	[	74	]	[	203	]

21392
[	357	]	[	486	]	[	73	]	[	202	]
	 			rgv			=> 			 	
[	258	]	[	413	]	[		]	[	129	]

21465
[	284	]	[	413	]	[		]	[	129	]
	 			 		[	·	]		 	
[	185	]	[	340	]	[	487	]	[	56	]

21521
[	228	]	[	357	]	[	504	]	[	73	]
	 			 			rgv			=> 	
[	129	]	[	284	]	[	431	]	[		]

21594
[	155	]	[	284	]	[	431	]	[		]
	 			 			 		[	·	]
[	56	]	[	211	]	[	358	]	[	487	]

21650
[	99	]	[	228	]	[	375	]	[	504	]
	=> 			 			 			rgv	
[		]	[	155	]	[	302	]	[	431	]

21749
[		]	[	129	]	[	276	]	[	405	]
[	·	]		 			 			 	
[	461	]	[	56	]	[	203	]	[	332	]

21805
[	504	]	[	73	]	[	220	]	[	349	]
	rgv			=> 			 			 	
[	405	]	[		]	[	147	]	[	276	]

21878
[	431	]	[		]	[	147	]	[	276	]
	 		[	·	]		 			 	
[	332	]	[	487	]	[	74	]	[	203	]

21934
[	375	]	[	504	]	[	91	]	[	220	]
	 			rgv			=> 			 	
[	276	]	[	431	]	[	18	]	[	147	]

22007
[	302	]	[	431	]	[	18	]	[	147	]
	 			 		[	·	]		 	
[	203	]	[	358	]	[	487	]	[	74	]

22081
[	228	]	[	357	]	[	486	]	[	73	]
	 			 			rgv			=> 	
[	129	]	[	284	]	[	413	]	[		]

22154
[	155	]	[	284	]	[	413	]	[		]
	 			 			 		[	·	]
[	56	]	[	211	]	[	340	]	[	487	]

22210
[	99	]	[	228	]	[	357	]	[	504	]
	=> 			 			 			rgv	
[		]	[	155	]	[	284	]	[	431	]

22309
[		]	[	129	]	[	258	]	[	405	]
[	·	]		 			 			 	
[	461	]	[	56	]	[	185	]	[	332	]

22365
[	504	]	[	73	]	[	202	]	[	349	]
	rgv			=> 			 			 	
[	405	]	[		]	[	129	]	[	276	]

22438
[	431	]	[		]	[	129	]	[	276	]
	 		[	·	]		 			 	
[	332	]	[	487	]	[	56	]	[	203	]

22494
[	375	]	[	504	]	[	73	]	[	220	]
	 			rgv			=> 			 	
[	276	]	[	431	]	[		]	[	147	]

22567
[	302	]	[	431	]	[		]	[	147	]
	 			 		[	·	]		 	
[	203	]	[	358	]	[	487	]	[	74	]

22623
[	246	]	[	375	]	[	504	]	[	91	]
	 			 			rgv			=> 	
[	147	]	[	302	]	[	431	]	[	18	]

22696
[	173	]	[	302	]	[	431	]	[	18	]
	 			 			 		[	·	]
[	74	]	[	229	]	[	358	]	[	487	]

22770
[	99	]	[	228	]	[	357	]	[	486	]
	=> 			 			 			rgv	
[		]	[	155	]	[	284	]	[	413	]

22869
[		]	[	129	]	[	258	]	[	387	]
[	·	]		 			 			 	
[	461	]	[	56	]	[	185	]	[	314	]

22925
[	504	]	[	73	]	[	202	]	[	331	]
	rgv			=> 			 			 	
[	405	]	[		]	[	129	]	[	258	]

22998
[	431	]	[		]	[	129	]	[	258	]
	 		[	·	]		 			 	
[	332	]	[	487	]	[	56	]	[	185	]

23054
[	375	]	[	504	]	[	73	]	[	202	]
	 			rgv			=> 			 	
[	276	]	[	431	]	[		]	[	129	]

23127
[	302	]	[	431	]	[		]	[	129	]
	 			 		[	·	]		 	
[	203	]	[	358	]	[	487	]	[	56	]

23183
[	246	]	[	375	]	[	504	]	[	73	]
	 			 			rgv			=> 	
[	147	]	[	302	]	[	431	]	[		]

23256
[	173	]	[	302	]	[	431	]	[		]
	 			 			 		[	·	]
[	74	]	[	229	]	[	358	]	[	487	]

23312
[	117	]	[	246	]	[	375	]	[	504	]
	=> 			 			 			rgv	
[	18	]	[	173	]	[	302	]	[	431	]

23411
[	18	]	[	147	]	[	276	]	[	405	]
[	·	]		 			 			 	
[	461	]	[	74	]	[	203	]	[	332	]

23485
[	486	]	[	73	]	[	202	]	[	331	]
	rgv			=> 			 			 	
[	387	]	[		]	[	129	]	[	258	]

23558
[	413	]	[		]	[	129	]	[	258	]
	 		[	·	]		 			 	
[	314	]	[	487	]	[	56	]	[	185	]

23614
[	357	]	[	504	]	[	73	]	[	202	]
	 			rgv			=> 			 	
[	258	]	[	431	]	[		]	[	129	]

23687
[	284	]	[	431	]	[		]	[	129	]
	 			 		[	·	]		 	
[	185	]	[	358	]	[	487	]	[	56	]

23743
[	228	]	[	375	]	[	504	]	[	73	]
	 			 			rgv			=> 	
[	129	]	[	302	]	[	431	]	[		]

23816
[	155	]	[	302	]	[	431	]	[		]
	 			 			 		[	·	]
[	56	]	[	229	]	[	358	]	[	487	]

23872
[	99	]	[	246	]	[	375	]	[	504	]
	=> 			 			 			rgv	
[		]	[	173	]	[	302	]	[	431	]

23971
[		]	[	147	]	[	276	]	[	405	]
[	·	]		 			 			 	
[	461	]	[	74	]	[	203	]	[	332	]

24027
[	504	]	[	91	]	[	220	]	[	349	]
	rgv			=> 			 			 	
[	405	]	[	18	]	[	147	]	[	276	]

24100
[	431	]	[	18	]	[	147	]	[	276	]
	 		[	·	]		 			 	
[	332	]	[	487	]	[	74	]	[	203	]

24174
[	357	]	[	486	]	[	73	]	[	202	]
	 			rgv			=> 			 	
[	258	]	[	413	]	[		]	[	129	]

24247
[	284	]	[	413	]	[		]	[	129	]
	 			 		[	·	]		 	
[	185	]	[	340	]	[	487	]	[	56	]

24303
[	228	]	[	357	]	[	504	]	[	73	]
	 			 			rgv			=> 	
[	129	]	[	284	]	[	431	]	[		]

24376
[	155	]	[	284	]	[	431	]	[		]
	 			 			 		[	·	]
[	56	]	[	211	]	[	358	]	[	487	]

24432
[	99	]	[	228	]	[	375	]	[	504	]
	=> 			 			 			rgv	
[		]	[	155	]	[	302	]	[	431	]

24531
[		]	[	129	]	[	276	]	[	405	]
[	·	]		 			 			 	
[	461	]	[	56	]	[	203	]	[	332	]

24587
[	504	]	[	73	]	[	220	]	[	349	]
	rgv			=> 			 			 	
[	405	]	[		]	[	147	]	[	276	]

24660
[	431	]	[		]	[	147	]	[	276	]
	 		[	·	]		 			 	
[	332	]	[	487	]	[	74	]	[	203	]

24716
[	375	]	[	504	]	[	91	]	[	220	]
	 			rgv			=> 			 	
[	276	]	[	431	]	[	18	]	[	147	]

24789
[	302	]	[	431	]	[	18	]	[	147	]
	 			 		[	·	]		 	
[	203	]	[	358	]	[	487	]	[	74	]

24863
[	228	]	[	357	]	[	486	]	[	73	]
	 			 			rgv			=> 	
[	129	]	[	284	]	[	413	]	[		]

24936
[	155	]	[	284	]	[	413	]	[		]
	 			 			 		[	·	]
[	56	]	[	211	]	[	340	]	[	487	]

24992
[	99	]	[	228	]	[	357	]	[	504	]
	=> 			 			 			rgv	
[		]	[	155	]	[	284	]	[	431	]

25091
[		]	[	129	]	[	258	]	[	405	]
[	·	]		 			 			 	
[	461	]	[	56	]	[	185	]	[	332	]

25147
[	504	]	[	73	]	[	202	]	[	349	]
	rgv			=> 			 			 	
[	405	]	[		]	[	129	]	[	276	]

25220
[	431	]	[		]	[	129	]	[	276	]
	 		[	·	]		 			 	
[	332	]	[	487	]	[	56	]	[	203	]

25276
[	375	]	[	504	]	[	73	]	[	220	]
	 			rgv			=> 			 	
[	276	]	[	431	]	[		]	[	147	]

25349
[	302	]	[	431	]	[		]	[	147	]
	 			 		[	·	]		 	
[	203	]	[	358	]	[	487	]	[	74	]

25405
[	246	]	[	375	]	[	504	]	[	91	]
	 			 			rgv			=> 	
[	147	]	[	302	]	[	431	]	[	18	]

25478
[	173	]	[	302	]	[	431	]	[	18	]
	 			 			 		[	·	]
[	74	]	[	229	]	[	358	]	[	487	]

25552
[	99	]	[	228	]	[	357	]	[	486	]
	=> 			 			 			rgv	
[		]	[	155	]	[	284	]	[	413	]

25651
[		]	[	129	]	[	258	]	[	387	]
[	·	]		 			 			 	
[	461	]	[	56	]	[	185	]	[	314	]

25707
[	504	]	[	73	]	[	202	]	[	331	]
	rgv			=> 			 			 	
[	405	]	[		]	[	129	]	[	258	]

25780
[	431	]	[		]	[	129	]	[	258	]
	 		[	·	]		 			 	
[	332	]	[	487	]	[	56	]	[	185	]

25836
[	375	]	[	504	]	[	73	]	[	202	]
	 			rgv			=> 			 	
[	276	]	[	431	]	[		]	[	129	]

25909
[	302	]	[	431	]	[		]	[	129	]
	 			 		[	·	]		 	
[	203	]	[	358	]	[	487	]	[	56	]

25965
[	246	]	[	375	]	[	504	]	[	73	]
	 			 			rgv			=> 	
[	147	]	[	302	]	[	431	]	[		]

26038
[	173	]	[	302	]	[	431	]	[		]
	 			 			 		[	·	]
[	74	]	[	229	]	[	358	]	[	487	]

26094
[	117	]	[	246	]	[	375	]	[	504	]
	=> 			 			 			rgv	
[	18	]	[	173	]	[	302	]	[	431	]

26193
[	18	]	[	147	]	[	276	]	[	405	]
[	·	]		 			 			 	
[	461	]	[	74	]	[	203	]	[	332	]

26267
[	486	]	[	73	]	[	202	]	[	331	]
	rgv			=> 			 			 	
[	387	]	[		]	[	129	]	[	258	]

26340
[	413	]	[		]	[	129	]	[	258	]
	 		[	·	]		 			 	
[	314	]	[	487	]	[	56	]	[	185	]

26396
[	357	]	[	504	]	[	73	]	[	202	]
	 			rgv			=> 			 	
[	258	]	[	431	]	[		]	[	129	]

26469
[	284	]	[	431	]	[		]	[	129	]
	 			 		[	·	]		 	
[	185	]	[	358	]	[	487	]	[	56	]

26525
[	228	]	[	375	]	[	504	]	[	73	]
	 			 			rgv			=> 	
[	129	]	[	302	]	[	431	]	[		]

26598
[	155	]	[	302	]	[	431	]	[		]
	 			 			 		[	·	]
[	56	]	[	229	]	[	358	]	[	487	]

26654
[	99	]	[	246	]	[	375	]	[	504	]
	=> 			 			 			rgv	
[		]	[	173	]	[	302	]	[	431	]

26753
[		]	[	147	]	[	276	]	[	405	]
[	·	]		 			 			 	
[	461	]	[	74	]	[	203	]	[	332	]

26809
[	504	]	[	91	]	[	220	]	[	349	]
	rgv			=> 			 			 	
[	405	]	[	18	]	[	147	]	[	276	]

26882
[	431	]	[	18	]	[	147	]	[	276	]
	 		[	·	]		 			 	
[	332	]	[	487	]	[	74	]	[	203	]

26956
[	357	]	[	486	]	[	73	]	[	202	]
	 			rgv			=> 			 	
[	258	]	[	413	]	[		]	[	129	]

27029
[	284	]	[	413	]	[		]	[	129	]
	 			 		[	·	]		 	
[	185	]	[	340	]	[	487	]	[	56	]

27085
[	228	]	[	357	]	[	504	]	[	73	]
	 			 			rgv			=> 	
[	129	]	[	284	]	[	431	]	[		]

27158
[	155	]	[	284	]	[	431	]	[		]
	 			 			 		[	·	]
[	56	]	[	211	]	[	358	]	[	487	]

27214
[	99	]	[	228	]	[	375	]	[	504	]
	=> 			 			 			rgv	
[		]	[	155	]	[	302	]	[	431	]

27313
[		]	[	129	]	[	276	]	[	405	]
[	·	]		 			 			 	
[	461	]	[	56	]	[	203	]	[	332	]

27369
[	504	]	[	73	]	[	220	]	[	349	]
	rgv			=> 			 			 	
[	405	]	[		]	[	147	]	[	276	]

27442
[	431	]	[		]	[	147	]	[	276	]
	 		[	·	]		 			 	
[	332	]	[	487	]	[	74	]	[	203	]

27498
[	375	]	[	504	]	[	91	]	[	220	]
	 			rgv			=> 			 	
[	276	]	[	431	]	[	18	]	[	147	]

27571
[	302	]	[	431	]	[	18	]	[	147	]
	 			 		[	·	]		 	
[	203	]	[	358	]	[	487	]	[	74	]

27645
[	228	]	[	357	]	[	486	]	[	73	]
	 			 			rgv			=> 	
[	129	]	[	284	]	[	413	]	[		]

27718
[	155	]	[	284	]	[	413	]	[		]
	 			 			 		[	·	]
[	56	]	[	211	]	[	340	]	[	487	]

27774
[	99	]	[	228	]	[	357	]	[	504	]
	=> 			 			 			rgv	
[		]	[	155	]	[	284	]	[	431	]

27873
[		]	[	129	]	[	258	]	[	405	]
[	·	]		 			 			 	
[	461	]	[	56	]	[	185	]	[	332	]

27929
[	504	]	[	73	]	[	202	]	[	349	]
	rgv			=> 			 			 	
[	405	]	[		]	[	129	]	[	276	]

28002
[	431	]	[		]	[	129	]	[	276	]
	 		[	·	]		 			 	
[	332	]	[	487	]	[	56	]	[	203	]

28058
[	375	]	[	504	]	[	73	]	[	220	]
	 			rgv			=> 			 	
[	276	]	[	431	]	[		]	[	147	]

28131
[	302	]	[	431	]	[		]	[	147	]
	 			 		[	·	]		 	
[	203	]	[	358	]	[	487	]	[	74	]

28187
[	246	]	[	375	]	[	504	]	[	91	]
	 			 			rgv			=> 	
[	147	]	[	302	]	[	431	]	[	18	]

28260
[	173	]	[	302	]	[	431	]	[	18	]
	 			 			 		[	·	]
[	74	]	[	229	]	[	358	]	[	487	]

28334
[	99	]	[	228	]	[	357	]	[	486	]
	=> 			 			 			rgv	
[		]	[	155	]	[	284	]	[	413	]

28433
[		]	[	129	]	[	258	]	[	387	]
[	·	]		 			 			 	
[	461	]	[	56	]	[	185	]	[	314	]

28489
[	504	]	[	73	]	[	202	]	[	331	]
	rgv			=> 			 			 	
[	405	]	[		]	[	129	]	[	258	]

28562
[	431	]	[		]	[	129	]	[	258	]
	 		[	·	]		 			 	
[	332	]	[	487	]	[	56	]	[	185	]

28618
[	375	]	[	504	]	[	73	]	[	202	]
	 			rgv			=> 			 	
[	276	]	[	431	]	[		]	[	129	]

28691
[	302	]	[	431	]	[		]	[	129	]
	 			 		[	·	]		 	
[	203	]	[	358	]	[	487	]	[	56	]

28747
[	246	]	[	375	]	[	504	]	[	73	]
	 			 			rgv			=> 	
[	147	]	[	302	]	[	431	]	[		]
